--------------------------------------------------------------------------------
| Stackoverflow                                                                |
--------------------------------------------------------------------------------

URL= http://stackoverflow.com/questions/29844056/how-to-transform-data-frame-with-different-column-names-from-wide-to-long-with

--------------------------------------------------------------------------------
| Benchmark                                                                    |
--------------------------------------------------------------------------------

ID= 5
Category= C3

--------------------------------------------------------------------------------
| Input-Output Example                                                          |
--------------------------------------------------------------------------------

Input:

  ID    T  P.1 P.2 Q.1
1  1 24.3 10.2 5.5 4.5
2  2 23.4 10.4 5.7 3.2

Output:

  ID Channel    T    P
1  1       1 24.3 10.2
2  2       1 23.4 10.4
3  1       2 24.3  5.5
4  2       2 23.4  5.7
5  1       1 24.3  4.5
6  2       1 23.4  3.2

--------------------------------------------------------------------------------
| Synthesized Solution                                                         |
--------------------------------------------------------------------------------

TBL_3=gather(p5_input1,MORPH394,P,-`ID`,-`T`)

  ID    T MORPH394    P
1  1 24.3      P.1 10.2
2  2 23.4      P.1 10.4
3  1 24.3      P.2  5.5
4  2 23.4      P.2  5.7
5  1 24.3      Q.1  4.5
6  2 23.4      Q.1  3.2

TBL_1=separate(TBL_3,`MORPH394`,into=c('MORPH469','Channel'))

  ID    T MORPH469 Channel    P
1  1 24.3        P       1 10.2
2  2 23.4        P       1 10.4
3  1 24.3        P       2  5.5
4  2 23.4        P       2  5.7
5  1 24.3        Q       1  4.5
6  2 23.4        Q       1  3.2

morpheus=select(TBL_1,-`MORPH469`)

  ID    T Channel    P
1  1 24.3       1 10.2
2  2 23.4       1 10.4
3  1 24.3       2  5.5
4  2 23.4       2  5.7
5  1 24.3       1  4.5
6  2 23.4       1  3.2

morpheus=select(morpheus,1,3,2,4)

  ID Channel    T    P
1  1       1 24.3 10.2
2  2       1 23.4 10.4
3  1       2 24.3  5.5
4  2       2 23.4  5.7
5  1       1 24.3  4.5
6  2       1 23.4  3.2


R program:

TBL_3=gather(p5_input1,MORPH394,P,-`ID`,-`T`)
TBL_1=separate(TBL_3,`MORPH394`,into=c('MORPH469','Channel'))
morpheus=select(TBL_1,-`MORPH469`)
morpheus=as.data.frame(morpheus)
morpheus=select(morpheus,1,3,2,4)
morpheus

--------------------------------------------------------------------------------
| Statistics                                                                   |
--------------------------------------------------------------------------------

#sketches with SMT-based deduction= 12
#sketches without SMT-based deduction= 45
#partial programs with partial evaluation= 452
#partial programs without partial evaluation= 5100
Total time= 5.01 s
